100
999999998
5841
19958
14216
4546
12916
9641
25053
27320
23282
24660
10926
26125
9951
1291
23634
17929
11123
32755
28391
11425
9185
31817
2631a
26011
8933
8102
25656
7155
668
2689
20195
32382
1689
16885
2952
6093
25653
26308
13679
23892
9510
23965
22818
14795
6228
19610
3033
5845
17640
4621
5942
10720
5029
6268
3378
2124
8827
11242
22616
18127
30297
13400
7217
10264
32580
31116
31231
7858
8870
21521
3501
9772
16360
28543
14087
14199
25410
509
807
23695
6866
7427
18991
10077
8684
31589
21822
4061
22194
28813
8348
32124
11748
23815
3640
32708
6393
19524
7253
100
999999998
5841
19958
14216
4546
12916
9641
25053
27320
23282
24660
10926
26125
9951
1291
23634
17929
11123
32755
28391
11425
9185
31817
2631a
26011
8933
8102
25656
7155
668
2689
20195
32382
1689
16885
2952
6093
25653
26308
13679
23892
9510
23965
22818
14795
6228
19610
3033
5845
17640
4621
5942
10720
5029
6268
3378
2124
8827
11242
22616
18127
30297
13400
7217
10264
32580
31116
31231
7858
8870
21521
3501
9772
16360
28543
14087
14199
25410
509
807
23695
6866
7427
18991
10077
8684
31589
21822
4061
22194
28813
8348
32124
11748
23815
3640
32708
6393
19524
7253
