8 53
1073741824 1152921504603393520
1 1
3 5
3 6
3 7
3 8
3 9
1073741824 1152921504606846976
1073741824 1152921504606846975
1073741824 1152921504606846974
1073741824 1152921504606846973
1073741824 1
2 1
1073741824 2
1073741824 3
1073741824 1073741825
1073741824 34359738368
1073741824 1099511627776
1073741824 35184372088832
1073741824 1125899906842624
1073741824 36028797018963968
2 2
2 3
2 4
3 1
3 2
3 3
3 4
491945 175200256346
1517177 2141087909151
1914851 1734386736481
1857706 3052922963665
1972181 1728959842852
1566730 66725603602
752136565 407950473295179568
878955808 101803786098105728
1000732215 539960286815928171
680087910 4708589216778323
1038616854 412038598303587693
138224 3428790371
652796823 380875382279866062
443596451 169298862330942337
528441702 216668725852100260
1013225359 302743109409890701
667555983 62456769033738789
705152 489609695595
6075 26102468
619129 83047947303
582181 78567278981
696718 450506195847
1278667 263702700441
2051053 2924285174829
